4.622055778145756078e-01 8.929330485839774845e-01 3.000000000000000000e+00
4.813524510071598428e-02 1.037662409207389835e+00 3.000000000000000000e+00
5.961016221476405086e-01 8.166531168705037924e-01 3.000000000000000000e+00
4.293006288521343805e-01 -2.744808088248129607e-01 4.000000000000000000e+00
6.692640260338527103e-01 -4.449270703360023727e-01 4.000000000000000000e+00
1.267070128563815956e+00 -4.679335956362720150e-01 4.000000000000000000e+00
4.391137062311646633e-02 2.929067482941094536e-01 4.000000000000000000e+00
9.665457398824899293e-01 -7.290766991923218476e-02 3.000000000000000000e+00
1.113153266538302821e+00 -5.431214551442850036e-01 4.000000000000000000e+00
-9.050046935626903100e-01 3.559292388696525533e-01 3.000000000000000000e+00
1.405368095510757032e+00 -4.589823987216406498e-01 4.000000000000000000e+00
5.012369311059028387e-01 8.534930533236370076e-01 3.000000000000000000e+00
7.936044907635090295e-01 -4.912138550599305931e-01 4.000000000000000000e+00
7.342580980631818743e-01 -3.890076475638784004e-01 4.000000000000000000e+00
9.738417996394153064e-01 -5.022561800107069319e-01 4.000000000000000000e+00
1.698245838086470894e+00 -5.555618054544855799e-02 4.000000000000000000e+00
1.804519205838246654e+00 -7.197676666077069962e-02 4.000000000000000000e+00
-2.410081374548666000e-01 9.354506419910030290e-01 3.000000000000000000e+00
1.549987564951131602e-01 -2.412725476412770631e-02 4.000000000000000000e+00
-4.793772682375616739e-02 3.422311708423881327e-01 4.000000000000000000e+00
1.012913358401099417e+00 1.571378189260907721e-01 3.000000000000000000e+00
1.950656518512851711e+00 1.889950887240866295e-01 4.000000000000000000e+00
8.190456889803385820e-01 6.804679213408488803e-01 3.000000000000000000e+00
1.212042972194858625e-02 9.475470758042112696e-01 3.000000000000000000e+00
8.317962056902344914e-02 4.559676284578279004e-01 4.000000000000000000e+00
-1.013074286815028424e+00 3.887897050484808714e-01 3.000000000000000000e+00
1.870598928873030031e+00 5.819361267932272874e-02 4.000000000000000000e+00
9.113968331629901387e-02 9.794047034891439907e-01 3.000000000000000000e+00
1.950484035374584924e+00 5.107056725886057746e-01 4.000000000000000000e+00
1.414616249890584765e+00 -4.392144100962231401e-01 4.000000000000000000e+00
-8.260407794626397626e-01 6.329932230289775363e-01 3.000000000000000000e+00
-9.621007868643964844e-01 1.463401496022396497e-01 3.000000000000000000e+00
9.401411939911810123e-01 2.174628187799737544e-01 3.000000000000000000e+00
9.319610546485934677e-01 3.867631684961474470e-01 3.000000000000000000e+00
8.960123012072056525e-01 4.963607100488001689e-01 3.000000000000000000e+00
-1.150383075471631988e+00 9.158376724218408871e-02 3.000000000000000000e+00
5.271272498407889029e-02 3.160020100694791445e-01 4.000000000000000000e+00
1.228296801785523362e-01 1.265035042247396602e-01 4.000000000000000000e+00
1.734344013796972561e+00 -1.848357902991570600e-01 4.000000000000000000e+00
-3.951653990182388276e-02 5.286738573427134380e-01 4.000000000000000000e+00
-7.662875456142642649e-01 6.051748487108622454e-01 3.000000000000000000e+00
1.720788951152625090e+00 -3.615560474771952748e-01 4.000000000000000000e+00
1.822302397372053795e+00 8.412515550673273224e-03 4.000000000000000000e+00
-4.133303112102876264e-01 9.420157182283337427e-01 3.000000000000000000e+00
5.149521051545213890e-01 -4.735065097590689387e-01 4.000000000000000000e+00
2.058746956548584084e+00 3.714978638048082038e-01 4.000000000000000000e+00
2.763567516129308288e-01 9.414168000985347895e-01 3.000000000000000000e+00
1.898955939079354893e+00 2.777693905583500378e-01 4.000000000000000000e+00
1.726831705798381189e-01 -1.429270094822764903e-01 4.000000000000000000e+00
8.603612243086096179e-01 5.044942736223320123e-01 3.000000000000000000e+00
1.518607304324810503e+00 -2.762327001590293984e-01 4.000000000000000000e+00
1.930798630174725528e+00 3.573338229710568137e-01 4.000000000000000000e+00
-1.028823752008666492e+00 2.749324297717576360e-01 3.000000000000000000e+00
1.326630100639591414e-01 3.110633178247508568e-02 4.000000000000000000e+00
1.976661937679625280e+00 1.338228789205936908e-01 4.000000000000000000e+00
-7.032199703917743072e-01 7.897741520951663263e-01 3.000000000000000000e+00
6.520494802285344838e-01 7.506422727478061496e-01 3.000000000000000000e+00
5.954467977457339467e-01 -3.365080103041163118e-01 4.000000000000000000e+00
2.977084583078014046e-01 -1.610738778849535591e-01 4.000000000000000000e+00
-7.724660961103649304e-03 9.970586451484414470e-01 3.000000000000000000e+00
-1.215218319273740633e-02 1.853364778306173521e-01 4.000000000000000000e+00
1.625307134484414773e+00 -2.717632775114359744e-01 4.000000000000000000e+00
-6.061723900955734434e-01 7.741408830254408180e-01 3.000000000000000000e+00
-2.211891461155722494e-01 8.826263882155188645e-01 3.000000000000000000e+00
1.124488713947541241e+00 -4.771280164357677434e-01 4.000000000000000000e+00
-8.947351751679362142e-01 4.558065553783310908e-01 3.000000000000000000e+00
1.276212244780220662e+00 -4.244872031656817812e-01 4.000000000000000000e+00
9.441530072455119882e-01 -5.232721111371607670e-01 4.000000000000000000e+00
9.572699970768716593e-01 3.741674280554168064e-01 3.000000000000000000e+00
3.878325051743635177e-01 -3.529316517941878950e-01 4.000000000000000000e+00
-5.946715225780314640e-01 8.413380591031913713e-01 3.000000000000000000e+00
1.001976060871182517e+00 1.531712411268252860e-01 3.000000000000000000e+00
1.467662973253127667e-01 9.279317604375304507e-01 3.000000000000000000e+00
-9.863986459598425016e-01 9.813955059832832339e-02 3.000000000000000000e+00
3.701217254752949271e-01 9.101948238563926097e-01 3.000000000000000000e+00
-8.181401574777029673e-01 5.840622139299120885e-01 3.000000000000000000e+00
2.866103240499342508e-01 -3.533794023032276188e-01 4.000000000000000000e+00
-7.367323988532243906e-01 7.597906144474705359e-01 3.000000000000000000e+00
-1.002772858028316838e+00 2.619442519987820184e-01 3.000000000000000000e+00
1.832635688911941063e-01 -1.448967888233555490e-01 4.000000000000000000e+00
7.390162655565547523e-01 6.961114442227211985e-01 3.000000000000000000e+00
-1.569741654549562104e-01 1.040547532398717445e+00 3.000000000000000000e+00
9.519484885531912521e-01 2.196873836126902180e-01 3.000000000000000000e+00
5.722016588435077100e-01 7.537890408303682399e-01 3.000000000000000000e+00
3.242003206046223940e-01 -1.954492963710502684e-01 4.000000000000000000e+00
8.460139559627053440e-01 -4.332318046401943956e-01 4.000000000000000000e+00
7.592068577095545390e-01 6.173414128256637934e-01 3.000000000000000000e+00
-5.890029454522066610e-01 9.237012761273116768e-01 3.000000000000000000e+00
1.036656387944455249e+00 -7.556481525332503502e-03 3.000000000000000000e+00
1.078884202377980994e-01 8.954659493394102610e-01 3.000000000000000000e+00
3.906040544681319560e-01 -2.533442695605148121e-01 4.000000000000000000e+00
-3.662920512353534663e-01 1.066072874229562872e+00 3.000000000000000000e+00
1.064119889508990502e+00 -5.365177168858993317e-01 4.000000000000000000e+00
6.004662490817552767e-01 7.739936250754749780e-01 3.000000000000000000e+00
1.877114415092047350e+00 4.297727731130446260e-02 4.000000000000000000e+00
1.818130295147791342e+00 -4.189750882556275008e-02 4.000000000000000000e+00
-4.948435280482117449e-01 8.632228466694323865e-01 3.000000000000000000e+00
1.368656154207750442e+00 -4.414922492168284474e-01 4.000000000000000000e+00
-7.808772560174551680e-01 6.633459119252355096e-01 3.000000000000000000e+00
1.574194915889021829e+00 -2.463831075090784917e-01 4.000000000000000000e+00
2.187504432416213618e+00 8.007902333364524949e-01 2.000000000000000000e+00
1.096356445292538950e-01 -4.554523940351475897e-01 0.000000000000000000e+00
2.033300677393858891e+00 6.819083152870897280e-01 2.000000000000000000e+00
1.234194432349169812e+00 1.166650656457540736e+00 1.000000000000000000e+00
1.255865060826721891e+00 1.511431817842785241e+00 1.000000000000000000e+00
-1.196188062225310045e+00 -4.455490618020120364e-01 0.000000000000000000e+00
1.213188119317611502e+00 1.797998313923155234e+00 1.000000000000000000e+00
1.095435402994199503e+00 1.230110843490217931e+00 1.000000000000000000e+00
-6.824316061896914531e-01 -2.904434047700795718e-01 0.000000000000000000e+00
2.018482395428458531e+00 7.437132612060864956e-01 2.000000000000000000e+00
-8.715120032817915696e-01 -6.671273685249587970e-01 0.000000000000000000e+00
-7.311225594671557637e-01 -8.198515254627971593e-01 0.000000000000000000e+00
-2.730402178696457738e-01 -2.766480081548068348e-01 0.000000000000000000e+00
-7.008519895512125286e-01 -9.792778907441632708e-01 0.000000000000000000e+00
1.728859295218046377e+00 1.899472611960224322e+00 1.000000000000000000e+00
-7.742555887806005233e-01 -5.696287912543284149e-01 0.000000000000000000e+00
1.529126174688531181e+00 1.002904628069876791e+00 1.000000000000000000e+00
-1.182488488151696604e+00 -4.400881083361605217e-01 0.000000000000000000e+00
1.628315148545689706e+00 5.835534508108508600e-01 2.000000000000000000e+00
1.663978145982830892e+00 1.716751340310143537e+00 1.000000000000000000e+00
2.232013775675262046e+00 5.051499475698355557e-01 2.000000000000000000e+00
1.499371611344444410e+00 1.236134221149448376e+00 1.000000000000000000e+00
1.388523531737360761e+00 1.283876321050688274e+00 1.000000000000000000e+00
1.233512687239866290e+00 1.394834465716815242e+00 1.000000000000000000e+00
1.580570707279673304e+00 1.410021873600946885e+00 1.000000000000000000e+00
-9.321198739729787963e-01 -7.469926878650601232e-01 0.000000000000000000e+00
-8.299344607614910219e-01 -1.009101131202892354e+00 0.000000000000000000e+00
1.986742282854736086e+00 5.027278795414944490e-01 2.000000000000000000e+00
-5.493872128616242856e-01 -5.692994588168679426e-01 0.000000000000000000e+00
-8.048065291870849514e-01 -5.485885159703211000e-01 0.000000000000000000e+00
9.020681443606490824e-01 1.146364436608982240e+00 1.000000000000000000e+00
-2.361753949127342600e-01 -6.296668704621640744e-01 0.000000000000000000e+00
1.848657307634281599e+00 7.450813994603951995e-01 2.000000000000000000e+00
1.036977274251946746e+00 1.374433217640029348e+00 1.000000000000000000e+00
-4.418323151630776935e-01 -6.306630180885809400e-01 0.000000000000000000e+00
1.759649342997492205e+00 7.987067854951870327e-01 2.000000000000000000e+00
1.566563209935954548e+00 1.203075410169592852e+00 2.000000000000000000e+00
1.799101437341346310e+00 1.587447818806987598e+00 2.000000000000000000e+00
1.318890704948439740e+00 1.203504500155761159e+00 1.000000000000000000e+00
1.403172932261551153e+00 1.363872608437634693e+00 1.000000000000000000e+00
1.405577024653432705e+00 1.540415927175603716e+00 1.000000000000000000e+00
1.831874118170287336e+00 9.362497694056716169e-01 2.000000000000000000e+00
1.562951487629137937e+00 1.807228915817786330e+00 1.000000000000000000e+00
1.415220536385835892e+00 9.156350159330961525e-01 1.000000000000000000e+00
9.458649660954467908e-01 1.302676758841928129e+00 1.000000000000000000e+00
1.868882837994393142e+00 4.462123991217493701e-01 2.000000000000000000e+00
1.758113631028942470e+00 7.835259544784548558e-01 2.000000000000000000e+00
2.035035801070490979e+00 1.281087524510339026e+00 2.000000000000000000e+00
1.560324722109343476e+00 1.570051934789611359e+00 1.000000000000000000e+00
-8.213069615948171975e-01 -2.692256734414322228e-01 0.000000000000000000e+00
1.748012488048914070e+00 1.042064657272181893e+00 2.000000000000000000e+00
-8.597533662550698175e-01 -6.587035537737959690e-01 0.000000000000000000e+00
1.702176798731030560e+00 6.349232134014964890e-01 2.000000000000000000e+00
-9.173156481154338682e-01 -5.359350656884319664e-01 0.000000000000000000e+00
1.626958355986722005e+00 9.478922727556867711e-01 2.000000000000000000e+00
1.986857491944392429e+00 7.440751263525606785e-01 2.000000000000000000e+00
1.770383736741985681e+00 1.924737794844980865e+00 1.000000000000000000e+00
1.888670426356646725e+00 7.692226170630924731e-01 2.000000000000000000e+00
1.186849057066265090e+00 1.672187058305786733e+00 1.000000000000000000e+00
-7.520521608624699539e-01 -7.177856105202320425e-01 0.000000000000000000e+00
-3.487637102257559185e-01 -1.325424520992049549e-01 0.000000000000000000e+00
7.210363676497675289e-01 1.512984086823527363e+00 1.000000000000000000e+00
2.132626670672324476e+00 6.400908494072401478e-01 2.000000000000000000e+00
-7.492761831157326302e-01 -4.867043237864112637e-01 0.000000000000000000e+00
1.438353402531922676e+00 1.161432309450199485e+00 1.000000000000000000e+00
-7.174896104449013379e-01 -3.432916292892759236e-01 0.000000000000000000e+00
1.973505411987490632e+00 9.535756618611018753e-01 2.000000000000000000e+00
-4.296586972049528663e-01 -2.329224457787510971e-01 0.000000000000000000e+00
1.162724515234114575e+00 1.691815278126544531e+00 1.000000000000000000e+00
1.736486648591561988e+00 3.822866120826113878e-01 2.000000000000000000e+00
-9.775993642709275289e-01 -2.947600306505563372e-01 0.000000000000000000e+00
1.318731749670933429e+00 1.034340765288726427e+00 1.000000000000000000e+00
1.789092673660489741e+00 8.551827867824274287e-01 2.000000000000000000e+00
8.786259526650634921e-01 1.133727227841750285e+00 1.000000000000000000e+00
2.015547605686939914e+00 9.471620092196572083e-01 2.000000000000000000e+00
1.397343046690358692e+00 1.413554782552192579e+00 1.000000000000000000e+00
9.023109380541312063e-01 1.517075048411842264e+00 1.000000000000000000e+00
7.816669058470530063e-01 1.478037355780267958e+00 1.000000000000000000e+00
-6.254619095343794122e-01 -3.738918733146953666e-01 0.000000000000000000e+00
9.953244719152316566e-01 1.632130434251687578e+00 1.000000000000000000e+00
-7.756251493373433892e-01 -6.539287272694260800e-03 0.000000000000000000e+00
2.435332733239009784e+00 1.086654050138577521e+00 2.000000000000000000e+00
1.369256391959186470e+00 1.249741796490019929e+00 1.000000000000000000e+00
-7.864495427910432879e-01 -2.253639731327667928e-01 0.000000000000000000e+00
-2.694074535457917086e-01 -6.089028267407144979e-01 0.000000000000000000e+00
-3.025414932930046708e-01 -2.582609048938550034e-01 0.000000000000000000e+00
1.655473277561403389e+00 1.026406304493832744e+00 2.000000000000000000e+00
2.124902798450485353e+00 8.117953435705100862e-01 2.000000000000000000e+00
1.811637599878651361e+00 1.250479823377800503e+00 2.000000000000000000e+00
-9.396267046049271432e-01 -6.080468281644311190e-01 0.000000000000000000e+00
1.993316349663573295e+00 1.167514207610004240e+00 2.000000000000000000e+00
1.327804806866606402e+00 1.527113659890114938e+00 1.000000000000000000e+00
-2.651396302615472433e-01 -4.668360382600642011e-01 0.000000000000000000e+00
-8.718500179075328038e-01 -3.214909281961020326e-02 0.000000000000000000e+00
1.164938786837540485e+00 1.406299686722451092e+00 1.000000000000000000e+00
-5.114502967216209006e-01 -2.956179494091898396e-01 0.000000000000000000e+00
2.332279962045338717e+00 8.168619494742421772e-01 2.000000000000000000e+00
1.184210063584330230e+00 1.324628247411004489e+00 1.000000000000000000e+00
2.247085805644976286e+00 1.179274773480052163e+00 2.000000000000000000e+00
-9.028683404727431139e-01 -9.451316307658158555e-02 0.000000000000000000e+00
2.317835658592499293e+00 8.688768802017182713e-01 2.000000000000000000e+00
2.297663441080316726e+00 1.013957396422609847e+00 2.000000000000000000e+00
1.444622913344075776e+00 1.223340956406465452e+00 1.000000000000000000e+00
8.449441396333543519e-01 1.324655357388847987e+00 1.000000000000000000e+00
1.269993050279197178e+00 9.519898507013251354e-01 1.000000000000000000e+00
-7.696784034609758240e-01 -4.758649537746330593e-01 0.000000000000000000e+00
1.596405844155113440e+00 6.200411359722916016e-01 1.000000000000000000e+00
2.260441331270801157e+00 9.369967039812778786e-01 2.000000000000000000e+00
-3.370767441627567362e-01 -8.072697525203873514e-01 0.000000000000000000e+00
-1.158776826751198863e-01 -8.534608964866569059e-02 0.000000000000000000e+00
1.034323641669059324e+00 1.464209604752185312e+00 1.000000000000000000e+00
1.483978777540079230e+00 1.355230567775602690e+00 1.000000000000000000e+00
1.927425899339994420e+00 1.034743200035695976e+00 2.000000000000000000e+00
1.130738982006251669e+00 1.453146039234383124e+00 1.000000000000000000e+00
2.331860737308065090e+00 1.019034552888861356e+00 2.000000000000000000e+00
1.991543010500044231e+00 7.795522258873004429e-01 2.000000000000000000e+00
1.989515236838714562e+00 6.810563629426292787e-01 2.000000000000000000e+00
2.091859432942249519e+00 6.257053516090680390e-01 2.000000000000000000e+00
1.410731758387605561e+00 1.435534210880335948e+00 1.000000000000000000e+00
2.840409263372181581e+00 6.867465326934265590e-01 2.000000000000000000e+00
-1.177489438764576679e+00 -5.399869996662124416e-01 0.000000000000000000e+00
2.074422863314196341e+00 1.116572578971637419e+00 2.000000000000000000e+00
1.104044711939386580e+00 1.936193442601634729e+00 1.000000000000000000e+00
1.783291398374924563e+00 5.924400919734076343e-01 2.000000000000000000e+00
2.144866776813299403e+00 8.457462790862487756e-01 2.000000000000000000e+00
-2.335939232680170896e-01 -5.871722891057244986e-01 0.000000000000000000e+00
-4.569878658593281573e-01 2.377227986420894501e-01 0.000000000000000000e+00
1.998136412551976937e+00 1.020822882013788346e+00 2.000000000000000000e+00
-5.900891677996679130e-01 -5.022761996656047723e-01 0.000000000000000000e+00
-6.470068567278332017e-01 -2.797541804357561723e-01 0.000000000000000000e+00
-9.203861340764832866e-01 -2.503085039859895833e-01 0.000000000000000000e+00
1.771491307847195218e+00 9.407766189922982525e-01 2.000000000000000000e+00
-6.392338964448336380e-01 -3.239913329627759908e-01 0.000000000000000000e+00
1.382942806230298638e+00 1.264328191658896428e+00 1.000000000000000000e+00
1.000709441034965952e+00 1.097434143665714679e+00 1.000000000000000000e+00
2.078274073486042095e+00 1.170055859926518504e+00 2.000000000000000000e+00
1.755244996323902074e+00 8.668490688686218970e-01 2.000000000000000000e+00
1.287932828578405742e+00 8.155553486964505217e-01 1.000000000000000000e+00
2.205097583812218875e+00 6.573363468116277808e-01 2.000000000000000000e+00
1.133093068616654042e+00 1.063202824161483928e+00 1.000000000000000000e+00
-4.299523716575467391e-01 -4.463611411908561255e-01 0.000000000000000000e+00
1.500332299105667344e+00 1.337270768438884483e+00 1.000000000000000000e+00
1.044911352722031728e+00 9.924054462185358805e-01 1.000000000000000000e+00
1.813492073241729008e+00 6.307804276747323025e-01 2.000000000000000000e+00
1.824545267929250647e+00 1.260363372222561784e+00 1.000000000000000000e+00
-4.813477976372813605e-01 -4.082237820806375872e-01 0.000000000000000000e+00
1.977136110562410787e+00 4.869537540153157651e-01 2.000000000000000000e+00
1.953145393296583432e+00 6.945308669648165845e-01 2.000000000000000000e+00
2.533966654184010014e+00 5.103777284249992885e-01 2.000000000000000000e+00
1.863439873030071414e+00 1.667178600271779887e+00 1.000000000000000000e+00
1.858703407951840081e+00 1.056327974834202266e+00 1.000000000000000000e+00
1.525272811496082959e+00 1.379184339607319121e+00 1.000000000000000000e+00
-5.860755752172516209e-01 -7.395174327707091377e-01 0.000000000000000000e+00
2.212827898713659813e+00 1.375985762625869135e+00 2.000000000000000000e+00
-1.094315649940783786e+00 -3.244197315726791153e-01 0.000000000000000000e+00
1.251720910283723009e+00 1.421358139101674967e+00 1.000000000000000000e+00
-6.463365119070361153e-01 -4.749626289434880078e-01 0.000000000000000000e+00
9.180847501591359316e-01 9.458982464003159452e-01 1.000000000000000000e+00
1.465753868396559190e+00 5.090912947653053466e-01 1.000000000000000000e+00
-2.964695716602099851e-01 -6.378180744913446443e-01 0.000000000000000000e+00
2.458547347365953151e+00 1.066671917441892381e+00 2.000000000000000000e+00
-2.074041609996135627e-02 -6.102896855123628450e-01 0.000000000000000000e+00
-7.540935157513735110e-01 -4.894761522105416929e-01 0.000000000000000000e+00
2.730614748794228497e+00 1.287072249972470050e+00 2.000000000000000000e+00
1.956242722805086265e+00 1.754685704874416441e+00 1.000000000000000000e+00
2.203693800759164212e+00 6.406890513992472558e-01 2.000000000000000000e+00
-5.859522473524302333e-01 -3.756128770469754352e-01 0.000000000000000000e+00
-6.333646682740862177e-01 -6.526803361294416517e-01 0.000000000000000000e+00
1.241193628561828133e+00 1.932209225542255604e+00 1.000000000000000000e+00
8.930910350233323136e-01 1.110655323684428986e+00 1.000000000000000000e+00
1.890176982518096960e+00 2.024667409762584747e+00 1.000000000000000000e+00
1.170203496516724062e+00 1.706303936775955821e+00 1.000000000000000000e+00
1.177922530981727611e+00 1.706034144382956974e+00 1.000000000000000000e+00
2.042230610924880452e+00 4.430028105285497841e-01 2.000000000000000000e+00
2.077213414115192780e+00 1.403000124576271546e+00 2.000000000000000000e+00
1.762250386268439328e+00 1.099986100746751294e+00 2.000000000000000000e+00
2.176545496293885051e+00 6.887435423146190949e-01 2.000000000000000000e+00
1.817659037663945876e+00 1.244934865677769231e+00 2.000000000000000000e+00
2.555555110378477934e+00 1.023636759395630591e+00 2.000000000000000000e+00
-6.385683298843999323e-01 -1.074976511028082893e+00 0.000000000000000000e+00
2.272156137300259005e+00 8.683566623859163558e-01 2.000000000000000000e+00
-4.342336709445639986e-01 -9.489855056043241532e-01 0.000000000000000000e+00
-7.813448330833510092e-01 -5.173453714763266431e-01 0.000000000000000000e+00
-4.354234209739289985e-01 -3.274983793008178212e-01 0.000000000000000000e+00
-5.788781955796777901e-01 -7.236877361849334278e-01 0.000000000000000000e+00
-4.986654802727380487e-01 -3.675320332830411818e-02 0.000000000000000000e+00
2.142734197821191788e+00 7.297920806585069808e-01 2.000000000000000000e+00
1.359172785985462761e+00 1.466592418594068636e+00 1.000000000000000000e+00
7.994812908007347119e-01 1.762558878610106516e+00 1.000000000000000000e+00
-1.037885283637153711e+00 -8.759059723008217890e-01 0.000000000000000000e+00
1.293233646800225456e+00 1.401594791409049856e+00 1.000000000000000000e+00
1.995107968389638220e+00 1.115762513732996952e+00 2.000000000000000000e+00
1.363591517696577604e+00 1.675572091328369151e+00 1.000000000000000000e+00
-1.001008314011468392e-01 -5.906955506283271262e-01 0.000000000000000000e+00
1.533477292179802109e+00 5.580330090098248874e-01 2.000000000000000000e+00
1.359237437009513272e+00 1.323352213080570605e+00 1.000000000000000000e+00
2.099836885175690782e+00 6.110103866980935994e-01 2.000000000000000000e+00
-9.251152698495583859e-01 -2.768439719077288030e-01 0.000000000000000000e+00
-2.969805153718451107e-01 -6.299535363466453042e-01 0.000000000000000000e+00
2.215662007554658697e+00 5.887802014881493573e-01 2.000000000000000000e+00
-5.766644241519587322e-01 -3.525706477631265212e-01 0.000000000000000000e+00
-2.975970154738161177e-01 -2.066294012638632549e-01 0.000000000000000000e+00
-3.779237499277938728e-01 -4.179928802817781119e-01 0.000000000000000000e+00
-4.070590394272800561e-01 -1.097864173516782671e-02 0.000000000000000000e+00
-5.840838702999489040e-01 -6.772172052507197115e-01 0.000000000000000000e+00
-1.065884756585004367e-01 -2.789093679475478926e-01 0.000000000000000000e+00
-8.736444959452774883e-01 -2.891904774689213475e-02 0.000000000000000000e+00
-5.392459715788203711e-01 -5.211807062614544073e-01 0.000000000000000000e+00
1.282168482081978533e+00 1.316958228485093585e+00 1.000000000000000000e+00
1.860309554712928470e+00 1.414036466091788791e+00 1.000000000000000000e+00
1.290642090101786543e+00 4.605076363139726792e-01 2.000000000000000000e+00
1.932956665732281643e+00 5.375501568268157282e-01 2.000000000000000000e+00
1.499866172078594184e+00 1.206633338912717734e+00 1.000000000000000000e+00
2.499019132657360753e+00 8.666816476190880580e-01 2.000000000000000000e+00
1.410836679708693087e+00 1.499923158842264348e+00 1.000000000000000000e+00
-3.585015691100534863e-02 -4.301189822254632422e-01 0.000000000000000000e+00
-1.713566368548273378e+00 -4.389711812392078638e-01 0.000000000000000000e+00
-5.298828104086616975e-01 -7.805125188003141368e-01 0.000000000000000000e+00
-5.672650172568547422e-01 -2.169946392671090463e-02 0.000000000000000000e+00
-2.436802331826159462e-01 -3.896811945638029018e-02 0.000000000000000000e+00
-7.591146399908689224e-01 -4.386584082719907629e-01 0.000000000000000000e+00
-8.787108897847755173e-01 -6.494905046042558361e-01 0.000000000000000000e+00
1.422994136917662633e+00 8.546094995250708148e-01 2.000000000000000000e+00
1.990449397149068211e+00 1.293887884496625729e+00 2.000000000000000000e+00
-5.981198033921928392e-01 -8.671540629799323607e-01 0.000000000000000000e+00
-6.702890829404266615e-01 7.083350299101776049e-02 0.000000000000000000e+00
2.491532406959168888e+00 1.224683033374553531e+00 2.000000000000000000e+00
2.462387326806228405e+00 7.731377495631084340e-01 2.000000000000000000e+00
1.531602685049525903e+00 9.359458698848235336e-01 1.000000000000000000e+00
-9.665141516562995028e-01 -4.969027981678413863e-01 0.000000000000000000e+00
-3.633551556896269519e-01 -4.695603147744893402e-01 0.000000000000000000e+00
9.146539531344113350e-01 8.021449326382557032e-01 1.000000000000000000e+00
-6.592633017437917742e-01 -4.118115984554650000e-01 0.000000000000000000e+00
1.558085365042967796e+00 1.099521847711168565e+00 1.000000000000000000e+00
8.673030064700886221e-01 1.396965319778830539e+00 1.000000000000000000e+00
-5.641996967661849771e-01 -5.218001377161297638e-01 0.000000000000000000e+00
1.152022949420384190e+00 1.390666165697952428e+00 1.000000000000000000e+00
1.130141538509101595e+00 1.307616639130383618e+00 1.000000000000000000e+00
1.958180994361734095e+00 1.084089903466910920e+00 2.000000000000000000e+00
2.127250427425715795e+00 7.479160437240378601e-01 2.000000000000000000e+00
1.117141881153449035e+00 1.391171727034014927e+00 1.000000000000000000e+00
-8.047801237010404618e-01 -1.106248466311961387e+00 0.000000000000000000e+00
1.676671459902550065e+00 1.677249846279139422e+00 1.000000000000000000e+00
2.760631515652380852e+00 5.668805919300539120e-01 2.000000000000000000e+00
1.316612486307540575e+00 1.679682601086893046e+00 1.000000000000000000e+00
2.026033487865373850e+00 8.390520901205213988e-01 2.000000000000000000e+00
-6.741054477139797330e-01 -3.934571124028397593e-01 0.000000000000000000e+00
-6.814895282513869779e-01 -2.318618660312286028e-01 0.000000000000000000e+00
1.838128587488871313e+00 7.902181369622729434e-01 2.000000000000000000e+00
2.004495185160392712e+00 1.281600210957776431e+00 2.000000000000000000e+00
-3.168870917664499687e-01 -6.360709249940303955e-01 0.000000000000000000e+00
1.183493312567178712e+00 1.221371289013628125e+00 1.000000000000000000e+00
2.498518849340600312e+00 8.911817092116844918e-01 2.000000000000000000e+00
1.746267761388336615e+00 1.065042065984099340e+00 2.000000000000000000e+00
-7.245465762144167599e-01 -3.214869186057514039e-01 0.000000000000000000e+00
1.013451001386249661e+00 1.301579002148709252e+00 1.000000000000000000e+00
2.327256116241520179e+00 9.113511993033226455e-01 2.000000000000000000e+00
2.472959815301217112e+00 8.289132935565586280e-01 2.000000000000000000e+00
1.847342000462054656e+00 5.621280393411098864e-01 2.000000000000000000e+00
1.364098376956807135e+00 1.245951800590269221e+00 1.000000000000000000e+00
9.359891454238640218e-01 1.590265460335954506e+00 1.000000000000000000e+00
2.393778861028304838e+00 1.388439929729217148e+00 2.000000000000000000e+00
-1.055731616545896312e-01 -4.585228599404526095e-01 0.000000000000000000e+00
1.278973259215923752e+00 1.097027859931101634e+00 1.000000000000000000e+00
2.262434713333572045e+00 7.595777602096099868e-01 2.000000000000000000e+00
1.204947917905485610e+00 1.572212930078964677e+00 1.000000000000000000e+00
1.482310601778052073e+00 1.568037659037630815e+00 1.000000000000000000e+00
1.030414933061235105e+00 2.047611135368782254e+00 1.000000000000000000e+00
1.231471813330524689e+00 1.470066027907990902e+00 1.000000000000000000e+00
-4.583101854143575293e-01 -6.680788879519645729e-01 0.000000000000000000e+00
1.550059023367588829e+00 1.032382306695174945e+00 1.000000000000000000e+00
-1.046303003890864058e+00 -6.468523942354243994e-01 0.000000000000000000e+00
2.013566847471902399e+00 1.145595890669493189e+00 2.000000000000000000e+00
1.908941557522445542e+00 9.095543779155863540e-01 2.000000000000000000e+00
9.863070645108442669e-01 1.515005836387776084e+00 1.000000000000000000e+00
1.359737641638239403e+00 1.565699838932065768e+00 1.000000000000000000e+00
1.793911720406883292e+00 8.420998747142450780e-01 2.000000000000000000e+00
2.416021638628081725e+00 8.109953071161609683e-01 2.000000000000000000e+00
9.096439956152522210e-01 1.444639906147424657e+00 1.000000000000000000e+00
-4.512624847475911194e-01 -2.190584095292733569e-01 0.000000000000000000e+00
-4.265693537981809502e-01 -2.543219076822148539e-01 0.000000000000000000e+00
2.082265861084207081e+00 1.045709421527830862e+00 2.000000000000000000e+00
1.259858755878205283e+00 1.348391801962292247e+00 1.000000000000000000e+00
-3.753660133644785013e-01 3.575984765607076454e-02 0.000000000000000000e+00
1.515227404116228360e+00 1.107310256207974852e+00 2.000000000000000000e+00
-4.902396926319642079e-01 -1.916597485995311656e-01 0.000000000000000000e+00
2.032381956415210578e+00 5.575617257817857553e-01 2.000000000000000000e+00
1.717275984921281307e+00 7.463330024974883514e-01 2.000000000000000000e+00
2.082408385183716515e+00 4.453908923150893262e-01 2.000000000000000000e+00
6.511635224774536823e-01 1.195785241413991118e+00 1.000000000000000000e+00
2.035887015531442135e+00 4.695771613472363160e-01 2.000000000000000000e+00
-5.314067097005253926e-01 -2.152738381825703429e-01 0.000000000000000000e+00
8.518932220433494962e-01 1.433471553638885343e+00 1.000000000000000000e+00
2.199572873238436976e+00 1.012443792822037336e+00 2.000000000000000000e+00
2.054893051619652411e+00 1.114000404719257320e+00 2.000000000000000000e+00
-1.791237079818235878e-01 -6.087364002625574866e-01 0.000000000000000000e+00
1.194354012189836389e+00 1.037755384850472362e+00 1.000000000000000000e+00
-4.784807901516197060e-01 -7.802117145355864647e-01 0.000000000000000000e+00
9.910260090251257203e-01 1.298083298395988461e+00 1.000000000000000000e+00
1.324689575816111908e+00 1.286804544136553208e+00 1.000000000000000000e+00
